,A-low-1-1,A-low-1-2,A-low-1-3,A-low-2-1,A-low-2-2,A-low-2-3,A-low-3-1,A-low-3-2,A-low-3-3,A-low-4-1,A-low-4-2,A-low-4-3,A-high-1-1,A-high-1-2,A-high-1-3,A-high-2-1,A-high-2-2,A-high-2-3,A-high-3-1,A-high-3-2,A-high-3-3,A-high-4-1,A-high-4-2,A-high-4-3,B-low-1-1,B-low-1-2,B-low-1-3,B-low-2-1,B-low-2-2,B-low-2-3,B-low-3-1,B-low-3-2,B-low-3-3,B-low-4-1,B-low-4-2,B-low-4-3,B-high-1-1,B-high-1-2,B-high-1-3,B-high-2-1,B-high-2-2,B-high-2-3,B-high-3-1,B-high-3-2,B-high-3-3,B-high-4-1,B-high-4-2,B-high-4-3,C-low-1-1,C-low-1-2,C-low-1-3,C-low-2-1,C-low-2-2,C-low-2-3,C-low-3-1,C-low-3-2,C-low-3-3,C-low-4-1,C-low-4-2,C-low-4-3,C-high-1-1,C-high-1-2,C-high-1-3,C-high-2-1,C-high-2-2,C-high-2-3,C-high-3-1,C-high-3-2,C-high-3-3,C-high-4-1,C-high-4-2,C-high-4-3,D-low-1-1,D-low-1-2,D-low-1-3,D-low-2-1,D-low-2-2,D-low-2-3,D-low-3-1,D-low-3-2,D-low-3-3,D-low-4-1,D-low-4-2,D-low-4-3,D-high-1-1,D-high-1-2,D-high-1-3,D-high-2-1,D-high-2-2,D-high-2-3,D-high-3-1,D-high-3-2,D-high-3-3,D-high-4-1,D-high-4-2,D-high-4-3
A-low-1-1,0,0.173776324366478,0.169022439553432,0.179891352735652,0.195987628975531,0.220619477919147,0.200179747732266,0.226950534206171,0.21495869604451,0.269774500854427,0.265150485420458,0.254368622938691,0.328890723249796,0.229888752943039,0.230687783168788,0.220446144032291,0.225955986329514,0.211501134944712,0.232222476352896,0.242982443934395,0.409914839515855,0.27236700345772,0.275888556956339,0.263313759244458,0.479747994875333,0.471494557095997,0.471039990751815,0.507684110998652,0.518402238102602,0.503796013060644,0.529572701081046,0.538604162979832,0.521751146690396,0.582747017900586,0.588105408318234,0.5674272442969,0.743456257706048,0.595732476920957,0.703009230675906,0.666688327106406,0.632075041353779,0.601631608381422,0.618570631141211,0.592837678585405,0.583330301976013,0.896837899495463,0.84651741557914,0.847641177729526,0.746200001921126,0.616301609323761,0.554938354765134,0.624728247399827,0.56183091063922,0.52864312723573,0.584323928310859,0.58892573142299,0.584258800273032,0.576372062302855,0.552193814701076,0.594588013674113,0.641148405085348,0.661005268598006,0.619066613125837,0.630496148173832,0.653011004642786,0.664548083115682,0.607896233485097,0.600441199065265,0.576955534638255,0.622610037855642,0.584885153846908,0.585771180570966,0.883182811264619,0.845178111558307,0.757974480190747,0.756311029347153,0.845977319595584,0.802095175973304,0.811342850094384,0.758342445070501,0.836318894455535,0.73005886411983,0.826596239387099,0.797104520555896,0.838178174087649,0.775777976414772,0.746674254545688,0.750002280798562,0.763592887573714,0.677317837245499,0.867907219142276,0.781655585452741,0.81884059110891,0.878861742504408,0.840834826000606,0.901764107587545
A-low-1-2,0.173776324366478,0,0.197197838038979,0.168720218624673,0.189526905043568,0.199487887693854,0.183066854553226,0.210723251717075,0.188792742101484,0.24976685925054,0.243781446256606,0.240259184441947,0.345959486993758,0.275629929681126,0.268888287504157,0.251041033108274,0.253893140956525,0.235095655425063,0.243004031926542,0.255729872162182,0.432602220947969,0.292374993428115,0.288398730629521,0.279864136642652,0.482859260838099,0.478883953874194,0.477327535700377,0.516866774318634,0.526050896729856,0.513043672604114,0.537696855915619,0.543444322976732,0.529486453073516,0.589898660852505,0.592923564749039,0.574103821918612,0.746934919217233,0.600140176011677,0.705645148701339,0.669864715032798,0.638384449868025,0.604180977656794,0.619737488432024,0.593054154238994,0.587587012013451,0.897788606378262,0.846431092915736,0.848916179474385,0.74591922786519,0.614378566256005,0.551157006220827,0.625657426105939,0.562284476511833,0.533634361248069,0.585944100133445,0.595645412902039,0.587283376952882,0.580931183286443,0.555392048441765,0.599190351766751,0.648451571929346,0.665002550479941,0.62539750931336,0.633607691529018,0.657440059225984,0.667399902506609,0.61357853851879,0.606707017959991,0.580391028820034,0.629221918912234,0.589012070528598,0.590178940481171,0.884630407029159,0.84524292851311,0.759832644850378,0.755122782930333,0.845502021151847,0.800496605913861,0.811148359320516,0.760438222685925,0.837204944509052,0.727142235476162,0.826293789688446,0.795635458618291,0.836082531381055,0.773531131149722,0.746004346372905,0.749505252744598,0.764197462390531,0.675006041155498,0.867216018825475,0.777939521210441,0.819315620518493,0.878364849149476,0.839797585811775,0.901202573842619
A-low-1-3,0.169022439553432,0.197197838038979,0,0.209535177718622,0.218220834656621,0.238401783019366,0.21443988147884,0.196333482442517,0.228441054914337,0.269190964540158,0.26910436085593,0.258690003444688,0.353521670417827,0.233648121712532,0.249096677492083,0.236824091161851,0.231530659133596,0.227922017451948,0.231142226638712,0.236694455075157,0.397815202191166,0.263983969586901,0.277811868841843,0.252251242780616,0.4933814446349,0.48640306803947,0.487396198843545,0.516240004343007,0.532511542366745,0.515722997978891,0.5431633631559,0.55323179096484,0.533872466340621,0.596121613724465,0.600032057031807,0.579894239073625,0.750197341279252,0.604353624242808,0.708734963730568,0.672630223960901,0.6422302941583,0.60990662808896,0.624404482265912,0.600227060938648,0.592902098342698,0.899776462439036,0.850730631645677,0.851292764845473,0.750175717492546,0.622783419873606,0.559172844721683,0.625290272236092,0.559626942737743,0.53216512292366,0.583157102591601,0.589184921606939,0.584928285651313,0.576609721626496,0.550271016930921,0.59698588471426,0.642574297293828,0.668286442371551,0.627450087609144,0.633045564032573,0.657677513841963,0.668653285941759,0.61182812180177,0.602623271623561,0.582140989491383,0.625980734444662,0.592555320494225,0.589854538428409,0.888648942476945,0.848246017920658,0.754971162831179,0.759659907717081,0.851076407355564,0.803845328707373,0.814432416514674,0.755036212898302,0.840078678409313,0.731225495482171,0.829361894960683,0.799178607064961,0.841829455577176,0.780401950464683,0.751340918917807,0.752875539766792,0.764737670208515,0.680061469564686,0.870867406852511,0.783967357647414,0.820158400303114,0.882577781830993,0.845048045992603,0.903427822741497
A-low-2-1,0.179891352735652,0.168720218624673,0.209535177718622,0,0.133933238534914,0.160229013169257,0.166602785064401,0.205603070599509,0.185638270712166,0.263811303381286,0.261067133480469,0.249593640862713,0.34481475558549,0.270962789840192,0.277639333915839,0.255319530508687,0.264653812982591,0.236996940711247,0.242291061531391,0.249096901893126,0.415467920724271,0.309249605795369,0.280858073244121,0.29622076887337,0.487137486365194,0.476075256467602,0.476960753170662,0.518811858673819,0.525446109232105,0.511682664075666,0.53264111240918,0.541802390760086,0.52112494372083,0.590417769332314,0.591432894064227,0.574212294858478,0.745141690855765,0.59303178465182,0.701345682571431,0.678183401515807,0.643915729005995,0.616777892236598,0.624296430522873,0.597245626467142,0.593226728667616,0.896729977050015,0.846344753799302,0.848376081759221,0.754216291977895,0.619715478581419,0.559065045952153,0.626824283369191,0.568291213990496,0.533115897661385,0.585771508644293,0.602581293400668,0.583675110833738,0.590308890884139,0.557531002904803,0.615524950209846,0.660745743104663,0.678593207478082,0.625959743367719,0.634817892494062,0.663770649649763,0.664547845013424,0.612930583803311,0.60908404730324,0.579462362022983,0.630756080711086,0.600788000553406,0.601047430686245,0.888541124340211,0.849585765964529,0.762447023367615,0.757888549134463,0.850925167094157,0.807389137894548,0.813438689768988,0.761259205915056,0.838890300408313,0.732306136392702,0.830550232890901,0.802398147547187,0.840122905294298,0.782562452647753,0.752767503779915,0.761670038122965,0.775562718209035,0.69060581423396,0.870672970633717,0.785264027260894,0.824220499538522,0.882167650125495,0.844010913675151,0.902887630713784
A-low-2-2,0.195987628975531,0.189526905043568,0.218220834656621,0.133933238534914,0,0.174186257592772,0.184644187199102,0.220943293123041,0.207503804089078,0.286649349656819,0.278351849420496,0.270897673454717,0.353024670493338,0.279021873383805,0.283883066678378,0.268412796324429,0.276082960354284,0.252682960883702,0.26214695783194,0.265560618088655,0.417671764681796,0.324935551270673,0.292958117369863,0.30994089916201,0.502391513441632,0.480742012436768,0.488821913707184,0.52164235480702,0.531193155442679,0.521643067625694,0.538107424409105,0.549860992296118,0.530372092848301,0.599837687823171,0.598173972475029,0.58149302354608,0.749203650883259,0.597482298550139,0.70545038729918,0.68416759430957,0.651283020774518,0.624382851514433,0.626089709899438,0.601415381818672,0.600766801191004,0.898760877290031,0.849563829318667,0.851141468657862,0.760611424012954,0.630367174620471,0.568507112023551,0.639096510416856,0.576911886667654,0.541044883502321,0.596250540459304,0.611979917908298,0.591626590193021,0.601133001383864,0.566368093721015,0.622481752138395,0.66528303229007,0.684469778869498,0.631404064410856,0.645188540740167,0.670295843296607,0.672023537417888,0.624036268555062,0.620794458432922,0.584690614378345,0.640024821357049,0.610164539206368,0.610467407780167,0.891911902465317,0.853410053808271,0.76186356127121,0.761626331551976,0.85336670565215,0.810586622057722,0.81570732653183,0.764521736585672,0.841482825963424,0.737577880578642,0.83301319863762,0.805704016805809,0.843255612442273,0.786343773578044,0.755943354217477,0.765494010945434,0.774698264436888,0.696288205231122,0.874713263636165,0.786603596294276,0.826294656758499,0.886099777838348,0.847899975589934,0.905307451203393
A-low-2-3,0.220619477919147,0.199487887693854,0.238401783019366,0.160229013169257,0.174186257592772,0,0.160855108006779,0.21975494480062,0.184708846522091,0.274722216657947,0.263443519908656,0.259402986817215,0.370655986648126,0.28701630171139,0.308860801711047,0.285979336356166,0.287254471092835,0.267267722868905,0.270163507537428,0.277703595664038,0.430419501149202,0.32629716418591,0.302659667298763,0.313722027465381,0.503082907995697,0.490464736671897,0.491047806951161,0.532704482222204,0.536875767466472,0.520066181171371,0.536746082337255,0.549061602515462,0.531798028633728,0.596898871411354,0.600528620989067,0.582767683842945,0.745659735229396,0.60223560832601,0.705666297742269,0.682438992262779,0.64903576794092,0.627710323366266,0.628141882983416,0.602041851470913,0.598108950436855,0.898933619418639,0.849347683644921,0.850687627302628,0.760330300031552,0.634320952445021,0.582961674050436,0.638685939731299,0.583307997472817,0.55426845028415,0.600571907527178,0.619455688819485,0.596250502395856,0.603898983032389,0.5722235399801,0.623972384972946,0.669625650160223,0.688920113662742,0.639657579688923,0.648407765428031,0.675178534108869,0.674011417088264,0.624360008906184,0.621140293133152,0.600052981322783,0.642163609082136,0.61360011529446,0.613556973637059,0.893229365961822,0.854101244793098,0.77193187594391,0.765255795289094,0.854468479889396,0.811234642316176,0.819574393734694,0.770182231218492,0.844226607472176,0.739824849228038,0.836297051656011,0.807950883311282,0.844919146837782,0.789519363988766,0.762792654099809,0.770312103734069,0.782649080627147,0.700522722303172,0.874432197047218,0.791594243975163,0.829189405146893,0.886985300788599,0.848224017066235,0.906279655098086
A-low-3-1,0.200179747732266,0.183066854553226,0.21443988147884,0.166602785064401,0.184644187199102,0.160855108006779,0,0.181079777434051,0.139335034149279,0.222564207026929,0.21392124712025,0.208303506979243,0.35916166733818,0.291187089716218,0.30544711982121,0.278590183366869,0.277142620953578,0.261887924891354,0.257956021580481,0.266318015683375,0.421517997922168,0.297517496941536,0.272562330365871,0.278633476515297,0.486748429849547,0.480785032818053,0.478731930684972,0.525293570595706,0.531798541977732,0.509392028081427,0.535276843179803,0.538496294677751,0.520778917024323,0.580219040218896,0.581234551315715,0.566282112092665,0.747237142854528,0.602927142036637,0.706595868308573,0.677945378520684,0.641819425253405,0.616885870158001,0.623302698403506,0.594415178510686,0.588321461439685,0.893640399613719,0.842174432692644,0.844854045048703,0.750888727190722,0.625505793514088,0.571078311472917,0.636374147497281,0.573736014201029,0.544329808084715,0.595948266513502,0.605908618143708,0.591928991726758,0.587953146553948,0.558244043258342,0.606190128603313,0.65929744781779,0.676626024186739,0.630604459401218,0.645447916515785,0.666579525715128,0.669258061189522,0.614939913925396,0.617834844397796,0.586764997476037,0.626845103861527,0.591669635884176,0.594781245962553,0.88776347131516,0.850255412730863,0.767135618133172,0.760524304429098,0.850147219913543,0.806567807309726,0.812444670756874,0.767503187886707,0.839322205888205,0.732500557444904,0.828454366319395,0.800021390221606,0.841483910649563,0.779559083877077,0.756483598980986,0.759617041730979,0.775346361353924,0.688747522649057,0.872077181682957,0.78619288137233,0.826618527083212,0.882383207835062,0.841137154370108,0.902412515451895
A-low-3-2,0.226950534206171,0.210723251717075,0.196333482442517,0.205603070599509,0.220943293123041,0.21975494480062,0.181079777434051,0,0.1835208527321,0.236370569901887,0.2374512712138,0.236565105981932,0.381437995945188,0.290344173660022,0.319944808375854,0.296782921638883,0.288788131631118,0.269623397434236,0.256853929255448,0.260656900077951,0.406522909188374,0.297776672184972,0.286260570520199,0.28353845400123,0.500295703369458,0.49225854046917,0.494980282990841,0.535664627735521,0.546793919187133,0.518186283896793,0.548608267377333,0.550012676754171,0.536379273568801,0.594047651341746,0.593161220326299,0.580262014760557,0.749613867892321,0.608329067043768,0.710787108217946,0.682893166338977,0.647502241860857,0.622978829721842,0.620191207232171,0.59614373400141,0.59635946866009,0.895152785510413,0.839560209375012,0.844703258999756,0.751299042688236,0.627623331341453,0.573865841003139,0.636309521086835,0.564834334736134,0.552626819448819,0.591951398982255,0.603359073215496,0.594284362441496,0.585490467904396,0.557747140723942,0.608545762059101,0.656337973167905,0.678139159185567,0.635833663950393,0.639700754051594,0.666860616245901,0.670835531222972,0.617748503213859,0.617964602951352,0.588212813658551,0.632225345988033,0.599794115094519,0.595991242058816,0.886488622522415,0.847792373430744,0.760826605369652,0.759379252961656,0.849801675935397,0.804083214545708,0.813957538151532,0.754626002494359,0.83830679545261,0.730448056060235,0.829059460352024,0.798811425718281,0.840749406742218,0.781136434992313,0.754798308236446,0.762836447106938,0.774957601873645,0.692788029755298,0.871472393999243,0.786214710230926,0.822016443638015,0.882145840772813,0.844486144006787,0.902758140842948
A-low-3-3,0.21495869604451,0.188792742101484,0.228441054914337,0.185638270712166,0.207503804089078,0.184708846522091,0.139335034149279,0.1835208527321,0,0.196571539974477,0.195101759496053,0.190866930882694,0.370007606568964,0.297668986026919,0.314391992938754,0.289284900845118,0.286757012428027,0.273555277948539,0.263875894553763,0.26955832576506,0.433552486179813,0.2923319978537,0.280534531245216,0.277401678943975,0.492733130190853,0.482016537929697,0.474734802252512,0.530889605585598,0.537113634267801,0.509586299513085,0.537458991994323,0.541218432669812,0.524754375345934,0.585210025119118,0.586916807874588,0.572439822822416,0.753222099137042,0.60664336291446,0.710031030470229,0.682201588293148,0.642964857133348,0.62019131237579,0.629740870645794,0.599730312259019,0.591670422420202,0.895563333669369,0.844680670287278,0.845956053829112,0.74693436028589,0.624857258091116,0.573087530971408,0.634926385504415,0.572655521004691,0.546036323796244,0.592059077079015,0.608069127624565,0.59259847359058,0.586311037169436,0.554095631595627,0.606989791120604,0.658692597518438,0.674724807403547,0.630388263352856,0.647846220036618,0.668415843848008,0.667053898748157,0.612886906722705,0.617985586627543,0.589962622329327,0.628767629589891,0.593527497026304,0.594370248626522,0.887914332968181,0.850082348416336,0.76929616698691,0.76182030811861,0.851076168101067,0.806977966581875,0.81562060241469,0.768777878827142,0.839754216614653,0.732975707395071,0.831803082474904,0.801749482071216,0.841678169496301,0.782043852586349,0.757045151275108,0.760459427321448,0.777722924684459,0.687947701815142,0.873179056142439,0.787942673993013,0.825948624423744,0.882901717572867,0.841850000468195,0.903535710219473
A-low-4-1,0.269774500854427,0.24976685925054,0.269190964540158,0.263811303381286,0.286649349656819,0.274722216657947,0.222564207026929,0.236370569901887,0.196571539974477,0,0.139011227564923,0.150375934635228,0.417758565831178,0.347255812170845,0.362618309656999,0.34088184537076,0.332866102968766,0.322710858397547,0.291057485877933,0.295162624712904,0.45457642722938,0.259079442326402,0.26422165694607,0.257285990848966,0.500814560651197,0.507901737641549,0.49394306296726,0.547008183352048,0.557358653045658,0.519439575019522,0.549580476152624,0.547419977219366,0.535060790976234,0.588018996648042,0.585836819881152,0.576912682709454,0.756074246611182,0.619499641448057,0.715173482096758,0.684794687779431,0.645752022470629,0.627451555738034,0.630562527258908,0.600637934341086,0.592708075905324,0.894137435252656,0.84241220333204,0.843730810254998,0.742980692001663,0.629676033030674,0.582940528962799,0.643526129630748,0.578965440604199,0.555954431208119,0.593593418862925,0.602991606824394,0.5977628548875,0.573282501836057,0.547116785943405,0.593874930383709,0.652859063975727,0.664483445252503,0.629372965145323,0.650698612837538,0.668416189227155,0.670576583022163,0.608458045596841,0.615803981552647,0.594586554200149,0.625052212185396,0.579030061950983,0.584820813883351,0.88644529717201,0.848570208471421,0.769512309551738,0.761388457491678,0.848807776073783,0.805919503322134,0.814130175505504,0.768454379630613,0.838242017629144,0.729756802866519,0.828324911597882,0.798076911696863,0.839777017312852,0.780272291902006,0.755770793717566,0.754625892632863,0.774547299103825,0.681574212038751,0.870953745957572,0.786300724734273,0.824976506469636,0.880806350067345,0.838847115565232,0.901332147754669
A-low-4-2,0.265150485420458,0.243781446256606,0.26910436085593,0.261067133480469,0.278351849420496,0.263443519908656,0.21392124712025,0.2374512712138,0.195101759496053,0.139011227564923,0,0.140004819945353,0.417304751025728,0.34295597688668,0.360025463155986,0.337683815779523,0.323877408962372,0.319793548893898,0.287578687725768,0.292310192007785,0.456520676890417,0.252791879455878,0.256896876143942,0.243738720769808,0.496190239752135,0.494332175062913,0.481497750214697,0.534908603106175,0.546144944757063,0.510645277960921,0.538906876032969,0.533094505627236,0.524624646096389,0.574450082755034,0.57397453563498,0.563732561774611,0.74723688003314,0.608717822196865,0.709555564656163,0.673170373653931,0.639031914647534,0.614119862432478,0.623021468494085,0.595063177223572,0.584129849984015,0.889945735047549,0.838220152346096,0.840078913795583,0.743498802427564,0.627493338921929,0.580606444256806,0.64060886229254,0.578813293447385,0.552605039324987,0.590028074930569,0.600744404345753,0.595709647481038,0.576695951018975,0.549493127594204,0.592750842842687,0.650546827761561,0.662495566295682,0.62621828948222,0.648991307729266,0.666644384705696,0.672391025730681,0.606448280294381,0.612648851159346,0.591475057489842,0.622070023401229,0.576479937013125,0.582702829874138,0.885667334109669,0.848224335201052,0.768259046745462,0.758384697685395,0.84459426970339,0.804406991459715,0.811213376868696,0.76953440956429,0.836729581171073,0.730534018795928,0.824435611940214,0.795375742703276,0.838242751301307,0.772666547040984,0.752702436262819,0.749807256895131,0.770571079653424,0.678267949233957,0.866697288562894,0.77930016703389,0.821260274172649,0.876074477674396,0.83320753834322,0.898436791062014
A-low-4-3,0.254368622938691,0.240259184441947,0.258690003444688,0.249593640862713,0.270897673454717,0.259402986817215,0.208303506979243,0.236565105981932,0.190866930882694,0.150375934635228,0.140004819945353,0,0.403346816389334,0.33048913166962,0.348767976877628,0.317805907243885,0.310459687127448,0.303372303438837,0.274160784681222,0.279065120316397,0.440164057683824,0.257480549220061,0.255989249244245,0.241318251763775,0.494980483488095,0.492949516626999,0.48547329218609,0.533871175962767,0.540937469951223,0.513972616951253,0.539835768582824,0.539079282587799,0.530782367611098,0.580154442232045,0.583546073059309,0.56909103343978,0.752184719381978,0.613968062307064,0.712256128314447,0.678269137770331,0.64246742034704,0.615221927854952,0.624101476326768,0.595927144777131,0.59071971330489,0.892862404695895,0.839970431191578,0.843816931836996,0.749505808963398,0.630215942021295,0.579850613135862,0.646053831015838,0.577365692271275,0.559173145859337,0.597115410645761,0.60759364991458,0.601738208423855,0.585079367522273,0.559756608124314,0.602473780304951,0.657115355989994,0.671527181369333,0.63503385539592,0.65402564379287,0.673860733036995,0.676798807541397,0.616257695395813,0.620146680473728,0.59672558818999,0.627212672293587,0.587974735307147,0.592382819845567,0.88709326865404,0.850147282578183,0.773487582947209,0.764607651072013,0.850298311685807,0.808404207472329,0.816160855304762,0.773121100590848,0.839970423202421,0.735395605288655,0.82923210527984,0.801295995559237,0.841311132624564,0.780315137529505,0.760264605446187,0.758601427369962,0.775627356018484,0.687321248962612,0.870888856000369,0.787164870326606,0.824457886797786,0.880330694998175,0.839041324007719,0.900770332225939
A-high-1-1,0.328890723249796,0.345959486993758,0.353521670417827,0.34481475558549,0.353024670493338,0.370655986648126,0.35916166733818,0.381437995945188,0.370007606568964,0.417758565831178,0.417304751025728,0.403346816389334,0,0.308536916064422,0.278784467509614,0.277725661924598,0.297711976426072,0.292612535408543,0.323121318015539,0.325649077858829,0.467734403845972,0.354644992573623,0.343885074353531,0.343841892450816,0.516824888080213,0.528060320812506,0.524127774539178,0.549211966815082,0.559108943493914,0.540159991564945,0.57818718320084,0.576329318726164,0.55696969703333,0.617706478419518,0.612606895166872,0.606059753346577,0.752163588909888,0.60305724240005,0.707179103827961,0.679565729368854,0.64629209143478,0.621077287860976,0.631232342835925,0.607876106379017,0.603122224086367,0.898631175435108,0.850212192399215,0.84947786567539,0.75466972488436,0.631663506029868,0.580196172369404,0.63950684167382,0.582054480942246,0.547829828655067,0.600053567376838,0.614831991583761,0.59385165801965,0.59804348992166,0.573282293840744,0.617620195648319,0.659146527504602,0.679478591967697,0.636654752365261,0.644108505691508,0.664505336142059,0.666341450582159,0.621854057726529,0.617899277759157,0.591410261601516,0.642812283167479,0.604698302235051,0.605130628510108,0.887374447456688,0.849737075839905,0.767416551467627,0.762187733597612,0.853669191420432,0.808814947190783,0.817781572876151,0.765601817608977,0.843211368892016,0.736907967558446,0.831846445546361,0.804364234384753,0.843731003809042,0.78941181851458,0.756397244348207,0.767114885687647,0.776405055978772,0.694667546140443,0.871839832708237,0.790967885579719,0.826251377834886,0.883442063048022,0.846344411946566,0.904075935810944
A-high-1-2,0.229888752943039,0.275629929681126,0.233648121712532,0.270962789840192,0.279021873383805,0.28701630171139,0.291187089716218,0.290344173660022,0.297668986026919,0.347255812170845,0.34295597688668,0.33048913166962,0.308536916064422,0,0.168936107571632,0.176368965364451,0.165305806781065,0.167012829212247,0.212257423980798,0.216859471750562,0.383360548799916,0.232740322091987,0.26925548259493,0.236694959162181,0.485430280001776,0.47292028818979,0.473308942655825,0.50558853571398,0.519569376527844,0.507339273276274,0.531646713984248,0.54666321655929,0.525790916372659,0.588083743242658,0.59650995422632,0.571532554180398,0.737190229933338,0.580694259182524,0.696635030535282,0.658694130044256,0.628834093287406,0.594479546437818,0.61569685783566,0.58855936734418,0.580478470898219,0.892883810166025,0.841936771931914,0.842628656506457,0.748468665916769,0.607421463661824,0.545971596535774,0.614335476286003,0.548434908705415,0.521339892129658,0.57114372749806,0.5828324950583,0.568658851541691,0.566929889153975,0.543875337097438,0.592383764238999,0.632030509939076,0.663079189510371,0.61744598223533,0.621529510690831,0.642531472605559,0.654328217431157,0.598756191844211,0.579871773964766,0.567945386121645,0.613621719119511,0.579461612038419,0.578078852464302,0.884436251544928,0.844940562631535,0.753566817707282,0.754344870379333,0.849045551154428,0.802052403219116,0.814194947657186,0.754021240009534,0.838220499038757,0.726472220570977,0.827503738870874,0.799546076939316,0.840900701586183,0.774849274194509,0.745075502095223,0.752443963785257,0.764716099673428,0.675092332313568,0.869700610639006,0.782303866469972,0.816355693956104,0.880222752687817,0.843211401630973,0.901807237268205
A-high-1-3,0.230687783168788,0.268888287504157,0.249096677492083,0.277639333915839,0.283883066678378,0.308860801711047,0.30544711982121,0.319944808375854,0.314391992938754,0.362618309656999,0.360025463155986,0.348767976877628,0.278784467509614,0.168936107571632,0,0.149727044752338,0.17323564564341,0.174358776298096,0.229067600152299,0.234361006083123,0.407862362428987,0.249420272921095,0.283775063305438,0.254908782600527,0.48128179324289,0.475188962220425,0.470067722278466,0.497745117609635,0.516652056933773,0.503126020497701,0.538258233704253,0.551006190081462,0.524279088729978,0.590763176898403,0.597396018487666,0.574859934862031,0.742635064983791,0.57983007584326,0.69879570591419,0.659752788172033,0.628315736726001,0.592599772950227,0.616150846262743,0.590461048170081,0.580694456249,0.896578718558242,0.847965107253171,0.847230935865929,0.745659768249204,0.60277598882062,0.544458941909239,0.61338491367993,0.55046563739127,0.513280574446166,0.572699315289827,0.582119647396188,0.568183129881392,0.568744771972516,0.54456685643278,0.589510141959978,0.631641407622741,0.657180383420705,0.61239008900809,0.620881347163329,0.640543744247283,0.648602578913695,0.597006152595442,0.581880909948458,0.565223160299605,0.614961068282484,0.576372155393274,0.575464916400355,0.886272516130475,0.844940358080719,0.751427894980543,0.752616062548243,0.847230615423673,0.800885584649687,0.81134312460393,0.754906894337671,0.837766623064382,0.727185568336821,0.826423355869077,0.797839108494991,0.839625870079038,0.77374730019991,0.741488867588156,0.747863373397924,0.75799657550702,0.670576669096345,0.869614166767304,0.778090518167586,0.815621180162398,0.879920477930422,0.843535555202985,0.902304525315395
A-high-2-1,0.220446144032291,0.251041033108274,0.236824091161851,0.255319530508687,0.268412796324429,0.285979336356166,0.278590183366869,0.296782921638883,0.289284900845118,0.34088184537076,0.337683815779523,0.317805907243885,0.277725661924598,0.176368965364451,0.149727044752338,0,0.163102056212912,0.161092185492604,0.213056945419981,0.223470772826389,0.402568545929466,0.239783747084637,0.263594334455209,0.235051915277042,0.472984374397593,0.464839095578103,0.461381398308814,0.492623846272985,0.505481318944545,0.497313723815483,0.538625347063193,0.550055600923206,0.518984876417401,0.589596275174721,0.593852194774759,0.571985930045175,0.742375656527512,0.583394908982549,0.698449924142212,0.662863639413685,0.628877166805025,0.591346227352509,0.612412162951094,0.588991502265877,0.581947293691241,0.896881128311999,0.843514034434505,0.845826305269124,0.747064020367963,0.603294089574195,0.5461657979637,0.615220982809144,0.545431059232942,0.519070791048538,0.575313563171451,0.581384601975711,0.57081924597561,0.571078269777144,0.546295112581662,0.590935918573446,0.634017925454602,0.657807137300415,0.613059919913742,0.621680502868926,0.643935476358159,0.651475992981832,0.596962842946361,0.58641805319604,0.564185470623013,0.617207968835322,0.577624737029952,0.576976713563977,0.885192176339191,0.846258335464118,0.75570574365037,0.754279890515187,0.848980467426552,0.802808221069508,0.812487803444834,0.757197103185094,0.838155624925159,0.728719114439535,0.827438631371372,0.800258723664755,0.839215009978786,0.775021820589768,0.742482542717109,0.752076478222702,0.763959807257078,0.674335674436882,0.869246874350637,0.780531976939069,0.817414266052583,0.880114722139271,0.840921090415356,0.90200186582617
A-high-2-2,0.225955986329514,0.253893140956525,0.231530659133596,0.264653812982591,0.276082960354284,0.287254471092835,0.277142620953578,0.288788131631118,0.286757012428027,0.332866102968766,0.323877408962372,0.310459687127448,0.297711976426072,0.165305806781065,0.17323564564341,0.163102056212912,0,0.15428599894918,0.195426072283217,0.202059016154311,0.386795747065351,0.218890259091928,0.254714210488715,0.216340785906312,0.471321223306716,0.461684841368352,0.462548802663315,0.49065853297153,0.508053030066855,0.488628275892814,0.518251078509352,0.528254858121952,0.509499957623134,0.572419208187775,0.579938029478597,0.556883580324992,0.735202355315137,0.578296004361277,0.692702795257895,0.651563803984954,0.618808724316732,0.584670369001101,0.603726893840393,0.578533999015014,0.568940763454861,0.888887150138116,0.838242406829744,0.836924928154212,0.738075900094346,0.601803527431993,0.541995810026236,0.608955561880406,0.541239969802173,0.515182109201292,0.559455081906286,0.575054548531413,0.565093582826927,0.560210856926185,0.535686840337315,0.579808969079713,0.621659384174407,0.649856191601682,0.60759376437413,0.618483071894469,0.636481829168657,0.647997576838305,0.589811490119032,0.575421186012012,0.563213920870071,0.605044157981283,0.564834577897269,0.565871769250463,0.882340380777495,0.841289093605561,0.748251828651931,0.748986487854742,0.843363314696136,0.796261922820564,0.806524661899208,0.751406691459657,0.832321931226554,0.720336414159919,0.819595818248897,0.790212211474702,0.833597592031021,0.766833315433554,0.737211046902806,0.742375557556854,0.755382617141563,0.663597733203595,0.863305359516638,0.772214018758012,0.810003699802621,0.874000383147902,0.834677280697026,0.897464864574245
A-high-2-3,0.211501134944712,0.235095655425063,0.227922017451948,0.236996940711247,0.252682960883702,0.267267722868905,0.261887924891354,0.269623397434236,0.273555277948539,0.322710858397547,0.319793548893898,0.303372303438837,0.292612535408543,0.167012829212247,0.174358776298096,0.161092185492604,0.15428599894918,0,0.177081660743804,0.188533372475021,0.391009225874719,0.231141179903842,0.242376280539768,0.217723947026307,0.478753235081099,0.468728290981574,0.46892239860281,0.504658921083985,0.516997606355285,0.500749292053696,0.533116097940821,0.542017653773656,0.521383054443591,0.586204019869238,0.591216169086839,0.568420905402234,0.737838146393936,0.577906724385288,0.695533121727974,0.657851127358853,0.626176377768239,0.587954547198333,0.606081866325268,0.581710142977881,0.577582949532467,0.893964588327955,0.841310440327349,0.84351466634182,0.745162503325669,0.603013442736298,0.543724395749518,0.610748709233642,0.54056982646225,0.5166941209275,0.567686578410922,0.578100682711392,0.562846343726173,0.566454527287139,0.538278880343101,0.59005012178064,0.632332453154317,0.656834636062652,0.611633836617637,0.616041248392077,0.639398042416865,0.64721931124488,0.591712617332016,0.579785014239321,0.561074615560469,0.61096382138794,0.573065989046342,0.573066084994113,0.88322643659457,0.844702757584864,0.752810633359832,0.751082104296662,0.847576266235925,0.801015155816786,0.809268870312147,0.75330813066071,0.836535393926638,0.722410198535613,0.824673369400663,0.794252583645709,0.836925209983673,0.771024812140073,0.741705181174819,0.747798789454145,0.761605024881357,0.671224970213197,0.867540357609631,0.777399548438826,0.81516763500987,0.878364756080923,0.840488913252053,0.900662502762785
A-high-3-1,0.232222476352896,0.243004031926542,0.231142226638712,0.242291061531391,0.26214695783194,0.270163507537428,0.257956021580481,0.256853929255448,0.263875894553763,0.291057485877933,0.287578687725768,0.274160784681222,0.323121318015539,0.212257423980798,0.229067600152299,0.213056945419981,0.195426072283217,0.177081660743804,0,0.140696330707985,0.383036762012685,0.207158578144795,0.21554160609266,0.189441025680828,0.49686012888212,0.490270349745195,0.489600306098192,0.524148286208485,0.537502106445134,0.516911514792309,0.53871234972865,0.54955880452639,0.530933796312166,0.590504166931747,0.593960426356454,0.571186574528942,0.742440695126719,0.58961771855784,0.699379150117136,0.666407796365426,0.635121694590591,0.601329168201621,0.612347989511329,0.586830912388868,0.584648875709673,0.893316252169317,0.840402818541074,0.841440438174861,0.751666322031225,0.617165765067625,0.55556505054105,0.622481149965004,0.555845851704761,0.536140515906034,0.575530359805258,0.590567861514413,0.576825891267853,0.576069640764292,0.55022806756337,0.604397169507513,0.641429238426099,0.67128965589832,0.624100854938127,0.626844573072604,0.650871443210705,0.65847638314294,0.604244107279053,0.588860133818771,0.573995343570582,0.616538933362938,0.583459027938358,0.585727726261622,0.88733111824128,0.848678249490203,0.759940501805561,0.756332451712672,0.851119380364483,0.805898062444896,0.814864659831686,0.759854898100604,0.838436612386122,0.726321469979167,0.829037608978802,0.800755794789191,0.840922079292303,0.778003633119617,0.749180649335264,0.759444245343893,0.772386225811801,0.684944756852865,0.869225359364947,0.784226614404534,0.820352572806968,0.880266186780292,0.842887324691478,0.902239614777854
A-high-3-2,0.242982443934395,0.255729872162182,0.236694455075157,0.249096901893126,0.265560618088655,0.277703595664038,0.266318015683375,0.260656900077951,0.26955832576506,0.295162624712904,0.292310192007785,0.279065120316397,0.325649077858829,0.216859471750562,0.234361006083123,0.223470772826389,0.202059016154311,0.188533372475021,0.140696330707985,0,0.395460260667991,0.208671058072814,0.212581274272917,0.193848629373627,0.49651435013367,0.487655861529394,0.488649361847362,0.521058450783553,0.53566547413484,0.516370665538303,0.537977337137808,0.545345442380308,0.529766702310928,0.590136526059992,0.591907661199516,0.570991986235942,0.739847802971833,0.584259003991912,0.699508644020038,0.665413430360721,0.631902013746023,0.602387294954552,0.606362654543644,0.580478701594289,0.57948444551654,0.892754472225665,0.837594103686285,0.840986376582157,0.748598138216956,0.614162172579473,0.549752569847366,0.617640914366603,0.550854497390364,0.525941804550518,0.569890516763632,0.587132126300751,0.568896161659552,0.572655440948045,0.542708646614936,0.599557094716119,0.638188149889127,0.669020866077982,0.618655871139576,0.624878222533937,0.64775984871824,0.655343244359927,0.598993689282816,0.586547874245232,0.568507557909443,0.614313113643113,0.57823000565918,0.581147307104258,0.885494703015501,0.84550206352423,0.758211806015308,0.754754983299473,0.849261311579632,0.803888524879491,0.812315063459627,0.757132421157556,0.836362339494088,0.724225267469945,0.82609906731228,0.798184587390069,0.839193526519148,0.775734864583447,0.749029126520139,0.757456238879007,0.769620691364518,0.679716037463755,0.867971949510423,0.781871552913608,0.817867846963761,0.878559021588242,0.841007581151072,0.900899692551106
A-high-3-3,0.409914839515855,0.432602220947969,0.397815202191166,0.415467920724271,0.417671764681796,0.430419501149202,0.421517997922168,0.406522909188374,0.433552486179813,0.45457642722938,0.456520676890417,0.440164057683824,0.467734403845972,0.383360548799916,0.407862362428987,0.402568545929466,0.386795747065351,0.391009225874719,0.383036762012685,0.395460260667991,0,0.416354192303769,0.432947430478412,0.404837919458906,0.573260897021013,0.598973036631456,0.596509702165757,0.601413520260339,0.602365253930502,0.582011432035666,0.593484803417527,0.611418031673705,0.602581275691621,0.633911040197485,0.647133819212684,0.623344895435376,0.7598333967311,0.645232770305036,0.72608441976323,0.698039036570998,0.674898904342169,0.66037943274146,0.649057190611781,0.635596725519397,0.63568274751303,0.898307002082115,0.851335269944521,0.850709212648092,0.777961068713278,0.670598918883101,0.621810494477875,0.664678585050137,0.616840895044215,0.61431263836013,0.611202191135351,0.63537933705467,0.627406628950903,0.613923746189664,0.590696493170788,0.640868231658417,0.672045444472293,0.702359809350702,0.670727735819478,0.636675382729733,0.689633432570375,0.693349294945676,0.647717108588591,0.632202674893691,0.635444452283216,0.662063534212286,0.638318236020993,0.627255488001299,0.897594037374975,0.860453661573208,0.776145319407644,0.782454584680733,0.866568117976443,0.824457664356385,0.833597390289334,0.767308675214089,0.853927945538717,0.751773201786733,0.845998704617238,0.818948130250846,0.858142450202381,0.80179218437195,0.779041031600401,0.776145559514213,0.786538471862691,0.707458440282529,0.883334313909553,0.806178911735306,0.838999076410447,0.889189421504158,0.861879114277307,0.91023355191114
A-high-4-1,0.27236700345772,0.292374993428115,0.263983969586901,0.309249605795369,0.324935551270673,0.32629716418591,0.297517496941536,0.297776672184972,0.2923319978537,0.259079442326402,0.252791879455878,0.257480549220061,0.354644992573623,0.232740322091987,0.249420272921095,0.239783747084637,0.218890259091928,0.231141179903842,0.207158578144795,0.208671058072814,0.416354192303769,0,0.209145918250577,0.144110026216477,0.495217325286442,0.48817416723129,0.483441903917752,0.519459676433401,0.536702725647731,0.510083266664783,0.53748005244316,0.54493484928513,0.527087306674109,0.583416801424558,0.586743802509499,0.567038255445586,0.745983675980519,0.597806140003927,0.706552164499315,0.664829805650891,0.632550019377546,0.602517257809425,0.616388227924775,0.590914627549456,0.581277507424131,0.89281929298984,0.839797832820374,0.841807493037879,0.747063892779131,0.617338134616724,0.558243285608753,0.624576118915371,0.560987435222348,0.535124634743588,0.576458583846453,0.586505274154919,0.581989477683083,0.566151643783519,0.546273383384823,0.588904617868864,0.635486601314639,0.661760599415521,0.622782215938232,0.632353857431,0.651994323309334,0.66402883102016,0.603379621056046,0.586806998127038,0.57965579531617,0.611266144747384,0.569846555071048,0.57490257896328,0.887287597303646,0.848137682349475,0.761128383613462,0.760393989503985,0.850363158718422,0.805638327132787,0.816441340783474,0.762619983362947,0.84040222471728,0.72958330359626,0.829771919804389,0.80053950887093,0.842434362464635,0.775323996734878,0.749028847033431,0.753220777187959,0.768583230541899,0.675675252829106,0.869721895010823,0.782843505015275,0.82106551485683,0.880503159107167,0.843729616095038,0.903794834403145
